TEST HEAP DEMO:.......................................
Demo 1-------------------------

Min Heap: [50,23,15,20,8,6,7,10]
Min Heap: [50,23,15,20,8,6,7,10]
Max Heap: [6,10,7,23,15,20,8,50]
Demo 2-------------------------

Min Heap: [(35.5, 14.5),(23.1, 12.4),(5.5, 34.5),(5.5, 4.5),(15.5, 14.5),(13.1, 12.4)]
Max Heap: [(5.5, 4.5),(13.1, 12.4),(15.5, 14.5),(23.1, 12.4),(35.5, 14.5),(5.5, 34.5)]
Demo 3-------------------------

[[   5.5,    4.5],[    13,     12],[    16,     14],[    23,     12],[    36,     14],[   5.5,     34]]
7.10634, 18.038, 21.225, 26.2177, 38.3471, 34.9357, 
